Initialized output text file.

Config:{'model_params': {'p1_conc': 0, 'size': 100, 'verbose': True, 'run_id': '3.dec.2025_template'}, 'simulator_params': {'order': 2, 'r_bath': '1.0e3', 'r_dipole': 6, 'run_id': '3.dec.2025_template'}, 'compute_params': {'magnetic_field': [0, 0, 1900], 'cce_types': ['conv'], 'pulse_id': '1', 'time_space': array([0.  , 0.01, 0.02, 0.03, 0.04, 0.05, 0.06, 0.07, 0.08, 0.09, 0.1 ,
       0.11, 0.12, 0.13, 0.14, 0.15, 0.16, 0.17, 0.18, 0.19, 0.2 , 0.21,
       0.22, 0.23, 0.24, 0.25, 0.26, 0.27, 0.28, 0.29, 0.3 , 0.31, 0.32,
       0.33, 0.34, 0.35, 0.36, 0.37, 0.38, 0.39, 0.4 , 0.41, 0.42, 0.43,
       0.44, 0.45, 0.46, 0.47, 0.48, 0.49, 0.5 , 0.51, 0.52, 0.53, 0.54,
       0.55, 0.56, 0.57, 0.58, 0.59, 0.6 , 0.61, 0.62, 0.63, 0.64, 0.65,
       0.66, 0.67, 0.68, 0.69, 0.7 , 0.71, 0.72, 0.73, 0.74, 0.75, 0.76,
       0.77, 0.78, 0.79, 0.8 , 0.81, 0.82, 0.83, 0.84, 0.85, 0.86, 0.87,
       0.88, 0.89, 0.9 , 0.91, 0.92, 0.93, 0.94, 0.95, 0.96, 0.97, 0.98,
       0.99, 1.  , 1.01, 1.02, 1.03, 1.04, 1.05, 1.06, 1.07, 1.08, 1.09,
       1.1 , 1.11, 1.12, 1.13, 1.14, 1.15, 1.16, 1.17, 1.18, 1.19, 1.2 ,
       1.21, 1.22, 1.23, 1.24, 1.25, 1.26, 1.27, 1.28, 1.29, 1.3 , 1.31,
       1.32, 1.33, 1.34, 1.35, 1.36, 1.37, 1.38, 1.39, 1.4 , 1.41, 1.42,
       1.43, 1.44, 1.45, 1.46, 1.47, 1.48, 1.49, 1.5 , 1.51, 1.52, 1.53,
       1.54, 1.55, 1.56, 1.57, 1.58, 1.59, 1.6 , 1.61, 1.62, 1.63, 1.64,
       1.65, 1.66, 1.67, 1.68, 1.69, 1.7 , 1.71, 1.72, 1.73, 1.74, 1.75,
       1.76, 1.77, 1.78, 1.79, 1.8 , 1.81, 1.82, 1.83, 1.84, 1.85, 1.86,
       1.87, 1.88, 1.89, 1.9 , 1.91, 1.92, 1.93, 1.94, 1.95, 1.96, 1.97,
       1.98, 1.99, 2.  ]), 'run_id': '3.dec.2025_template'}, 'ensemble_params': {'ensemble_size': 10, 'avg_method': 'median', 'verbose': True, 'run_id': '3.dec.2025_template'}}.

BUILT SUPERCELL:
# of atoms: 2148
# of 13C: 2148
# of P1s: 0
atoms: [('13C', [-5.42773470e+01,  3.67576530e+01,  1.64891237e+01], [[0., 0., 0.], [0., 0., 0.], [0., 0., 0.]], [[0., 0., 0.], [0., 0., 0.], [0., 0., 0.]])
 ('13C', [ 2.49252097e+00, -3.85624790e+01, -6.69870650e+00], [[0., 0., 0.], [0., 0., 0.], [0., 0., 0.]], [[0., 0., 0.], [0., 0., 0.], [0., 0., 0.]])
 ('13C', [ 5.43242558e+01, -2.79574424e+00, -3.34935325e+01], [[0., 0., 0.], [0., 0., 0.], [0., 0., 0.]], [[0., 0., 0.], [0., 0., 0.], [0., 0., 0.]])
 ...
 ('13C', [-4.16812725e+01,  1.90087275e+01,  2.21572600e+01], [[0., 0., 0.], [0., 0., 0.], [0., 0., 0.]], [[0., 0., 0.], [0., 0., 0.], [0., 0., 0.]])
 ('14N', [-6.66133815e-16, -2.22044605e-16,  3.09171069e+00], [[0., 0., 0.], [0., 0., 0.], [0., 0., 0.]], [[0., 0., 0.], [0., 0., 0.], [0., 0., 0.]])
 ('e', [-6.66133815e-16, -2.22044605e-16,  3.09171069e+00], [[0., 0., 0.], [0., 0., 0.], [0., 0., 0.]], [[0., 0., 0.], [0., 0., 0.], [0., 0., 0.]])]


Finished run 1. More information below.

BUILT SUPERCELL:
# of atoms: 2148
# of 13C: 2148
# of P1s: 0
atoms: [('13C', [-7.34603776e-01,  5.63853962e+01, -2.47336855e+01], [[0., 0., 0.], [0., 0., 0.], [0., 0., 0.]], [[0., 0., 0.], [0., 0., 0.], [0., 0., 0.]])
 ('13C', [-4.24086195e+01,  2.21638051e+00,  2.00961195e+01], [[0., 0., 0.], [0., 0., 0.], [0., 0., 0.]], [[0., 0., 0.], [0., 0., 0.], [0., 0., 0.]])
 ('13C', [-2.18441237e+01, -1.11341237e+01, -5.77119329e+01], [[0., 0., 0.], [0., 0., 0.], [0., 0., 0.]], [[0., 0., 0.], [0., 0., 0.], [0., 0., 0.]])
 ...
 ('13C', [-1.23199340e+01,  2.15950660e+01, -2.93712516e+01], [[0., 0., 0.], [0., 0., 0.], [0., 0., 0.]], [[0., 0., 0.], [0., 0., 0.], [0., 0., 0.]])
 ('14N', [-6.66133815e-16, -2.22044605e-16,  3.09171069e+00], [[0., 0., 0.], [0., 0., 0.], [0., 0., 0.]], [[0., 0., 0.], [0., 0., 0.], [0., 0., 0.]])
 ('e', [-6.66133815e-16, -2.22044605e-16,  3.09171069e+00], [[0., 0., 0.], [0., 0., 0.], [0., 0., 0.]], [[0., 0., 0.], [0., 0., 0.], [0., 0., 0.]])]


Finished run 2. More information below.

BUILT SUPERCELL:
# of atoms: 2148
# of 13C: 2148
# of P1s: 0
atoms: [('13C', [-2.98125451e+01, -1.55325451e+01,  1.03057023e+01], [[0., 0., 0.], [0., 0., 0.], [0., 0., 0.]], [[0., 0., 0.], [0., 0., 0.], [0., 0., 0.]])
 ('13C', [ 2.33060744e+01, -2.84589256e+01, -3.76158134e+01], [[0., 0., 0.], [0., 0., 0.], [0., 0., 0.]], [[0., 0., 0.], [0., 0., 0.], [0., 0., 0.]])
 ('13C', [-3.88584455e+01, -5.49234455e+01, -1.64891237e+01], [[0., 0., 0.], [0., 0., 0.], [0., 0., 0.]], [[0., 0., 0.], [0., 0., 0.], [0., 0., 0.]])
 ...
 ('13C', [-3.05200660e+01,  2.12449340e+01, -6.18342138e+00], [[0., 0., 0.], [0., 0., 0.], [0., 0., 0.]], [[0., 0., 0.], [0., 0., 0.], [0., 0., 0.]])
 ('14N', [-6.66133815e-16, -2.22044605e-16,  3.09171069e+00], [[0., 0., 0.], [0., 0., 0.], [0., 0., 0.]], [[0., 0., 0.], [0., 0., 0.], [0., 0., 0.]])
 ('e', [-6.66133815e-16, -2.22044605e-16,  3.09171069e+00], [[0., 0., 0.], [0., 0., 0.], [0., 0., 0.]], [[0., 0., 0.], [0., 0., 0.], [0., 0., 0.]])]


Finished run 3. More information below.

BUILT SUPERCELL:
# of atoms: 2148
# of 13C: 2148
# of P1s: 0
atoms: [('13C', [-7.59120650e+00, -5.80620650e+00, -1.64891237e+01], [[0., 0., 0.], [0., 0., 0.], [0., 0., 0.]], [[0., 0., 0.], [0., 0., 0.], [0., 0., 0.]])
 ('13C', [-4.04828931e+00,  1.02317107e+01,  1.23668428e+01], [[0., 0., 0.], [0., 0., 0.], [0., 0., 0.]], [[0., 0., 0.], [0., 0., 0.], [0., 0., 0.]])
 ('13C', [-1.33234214e+01,  9.56578617e-01,  1.85502641e+01], [[0., 0., 0.], [0., 0., 0.], [0., 0., 0.]], [[0., 0., 0.], [0., 0., 0.], [0., 0., 0.]])
 ...
 ('13C', [-2.71522149e+01,  2.81827851e+01, -5.15285115e-01], [[0., 0., 0.], [0., 0., 0.], [0., 0., 0.]], [[0., 0., 0.], [0., 0., 0.], [0., 0., 0.]])
 ('14N', [-6.66133815e-16, -2.22044605e-16,  3.09171069e+00], [[0., 0., 0.], [0., 0., 0.], [0., 0., 0.]], [[0., 0., 0.], [0., 0., 0.], [0., 0., 0.]])
 ('e', [-6.66133815e-16, -2.22044605e-16,  3.09171069e+00], [[0., 0., 0.], [0., 0., 0.], [0., 0., 0.]], [[0., 0., 0.], [0., 0., 0.], [0., 0., 0.]])]


Finished run 4. More information below.

BUILT SUPERCELL:
# of atoms: 2148
# of 13C: 2148
# of P1s: 0
atoms: [('13C', [-5.30644539e+01, -2.62894539e+01, -1.28821279e+01], [[0., 0., 0.], [0., 0., 0.], [0., 0., 0.]], [[0., 0., 0.], [0., 0., 0.], [0., 0., 0.]])
 ('13C', [-2.26725451e+01, -2.26725451e+01, -6.38953543e+01], [[0., 0., 0.], [0., 0., 0.], [0., 0., 0.]], [[0., 0., 0.], [0., 0., 0.], [0., 0., 0.]])
 ('13C', [-3.05128092e+01, -5.19328092e+01, -6.69870650e+00], [[0., 0., 0.], [0., 0., 0.], [0., 0., 0.]], [[0., 0., 0.], [0., 0., 0.], [0., 0., 0.]])
 ...
 ('13C', [-4.25566027e+01, -2.64916027e+01,  2.21572600e+01], [[0., 0., 0.], [0., 0., 0.], [0., 0., 0.]], [[0., 0., 0.], [0., 0., 0.], [0., 0., 0.]])
 ('14N', [-6.66133815e-16, -2.22044605e-16,  3.09171069e+00], [[0., 0., 0.], [0., 0., 0.], [0., 0., 0.]], [[0., 0., 0.], [0., 0., 0.], [0., 0., 0.]])
 ('e', [-6.66133815e-16, -2.22044605e-16,  3.09171069e+00], [[0., 0., 0.], [0., 0., 0.], [0., 0., 0.]], [[0., 0., 0.], [0., 0., 0.], [0., 0., 0.]])]


Finished run 5. More information below.

BUILT SUPERCELL:
# of atoms: 2148
# of 13C: 2148
# of P1s: 0
atoms: [('13C', [-4.81877432e+01, -2.49827432e+01,  1.80349790e+01], [[0., 0., 0.], [0., 0., 0.], [0., 0., 0.]], [[0., 0., 0.], [0., 0., 0.], [0., 0., 0.]])
 ('13C', [-1.15384214e+01, -8.28421383e-01, -1.85502641e+01], [[0., 0., 0.], [0., 0., 0.], [0., 0., 0.]], [[0., 0., 0.], [0., 0., 0.], [0., 0., 0.]])
 ('13C', [-3.25739497e+01, -5.39939497e+01,  1.54585535e+00], [[0., 0., 0.], [0., 0., 0.], [0., 0., 0.]], [[0., 0., 0.], [0., 0., 0.], [0., 0., 0.]])
 ...
 ('13C', [-3.00345199e+01, -5.85945199e+01, -8.24456184e+00], [[0., 0., 0.], [0., 0., 0.], [0., 0., 0.]], [[0., 0., 0.], [0., 0., 0.], [0., 0., 0.]])
 ('14N', [-6.66133815e-16, -2.22044605e-16,  3.09171069e+00], [[0., 0., 0.], [0., 0., 0.], [0., 0., 0.]], [[0., 0., 0.], [0., 0., 0.], [0., 0., 0.]])
 ('e', [-6.66133815e-16, -2.22044605e-16,  3.09171069e+00], [[0., 0., 0.], [0., 0., 0.], [0., 0., 0.]], [[0., 0., 0.], [0., 0., 0.], [0., 0., 0.]])]


Finished run 6. More information below.

BUILT SUPERCELL:
# of atoms: 2148
# of 13C: 2148
# of P1s: 0
atoms: [('13C', [-2.14200000e+01,  2.14200000e+01, -3.71005283e+01], [[0., 0., 0.], [0., 0., 0.], [0., 0., 0.]], [[0., 0., 0.], [0., 0., 0.], [0., 0., 0.]])
 ('13C', [ 5.32196939e+01, -1.81803061e+01, -2.06114046e+01], [[0., 0., 0.], [0., 0., 0.], [0., 0., 0.]], [[0., 0., 0.], [0., 0., 0.], [0., 0., 0.]])
 ('13C', [-1.19625451e+01, -3.33825451e+01,  2.26725451e+01], [[0., 0., 0.], [0., 0., 0.], [0., 0., 0.]], [[0., 0., 0.], [0., 0., 0.], [0., 0., 0.]])
 ...
 ('13C', [ 1.67381813e+01,  3.99431813e+01, -1.44279832e+01], [[0., 0., 0.], [0., 0., 0.], [0., 0., 0.]], [[0., 0., 0.], [0., 0., 0.], [0., 0., 0.]])
 ('14N', [-6.66133815e-16, -2.22044605e-16,  3.09171069e+00], [[0., 0., 0.], [0., 0., 0.], [0., 0., 0.]], [[0., 0., 0.], [0., 0., 0.], [0., 0., 0.]])
 ('e', [-6.66133815e-16, -2.22044605e-16,  3.09171069e+00], [[0., 0., 0.], [0., 0., 0.], [0., 0., 0.]], [[0., 0., 0.], [0., 0., 0.], [0., 0., 0.]])]


Finished run 7. More information below.

BUILT SUPERCELL:
# of atoms: 2148
# of 13C: 2148
# of P1s: 0
atoms: [('13C', [-1.00566447e+01,  1.31483553e+01, -6.64717799e+01], [[0., 0., 0.], [0., 0., 0.], [0., 0., 0.]], [[0., 0., 0.], [0., 0., 0.], [0., 0., 0.]])
 ('13C', [-1.75196939e+01, -1.75196939e+01,  1.44279832e+01], [[0., 0., 0.], [0., 0., 0.], [0., 0., 0.]], [[0., 0., 0.], [0., 0., 0.], [0., 0., 0.]])
 ('13C', [ 4.52657862e+00, -1.68934214e+01, -5.41049371e+01], [[0., 0., 0.], [0., 0., 0.], [0., 0., 0.]], [[0., 0., 0.], [0., 0., 0.], [0., 0., 0.]])
 ...
 ('13C', [-1.49531813e+01, -4.17281813e+01, -3.34935325e+01], [[0., 0., 0.], [0., 0., 0.], [0., 0., 0.]], [[0., 0., 0.], [0., 0., 0.], [0., 0., 0.]])
 ('14N', [-6.66133815e-16, -2.22044605e-16,  3.09171069e+00], [[0., 0., 0.], [0., 0., 0.], [0., 0., 0.]], [[0., 0., 0.], [0., 0., 0.], [0., 0., 0.]])
 ('e', [-6.66133815e-16, -2.22044605e-16,  3.09171069e+00], [[0., 0., 0.], [0., 0., 0.], [0., 0., 0.]], [[0., 0., 0.], [0., 0., 0.], [0., 0., 0.]])]


Finished run 8. More information below.

BUILT SUPERCELL:
# of atoms: 2148
# of 13C: 2148
# of P1s: 0
atoms: [('13C', [ 4.30890577e+01, -1.93859423e+01, -4.12228092e+00], [[0., 0., 0.], [0., 0., 0.], [0., 0., 0.]], [[0., 0., 0.], [0., 0., 0.], [0., 0., 0.]])
 ('13C', [-3.61981153e+01, -1.12081153e+01, -4.12228092e+01], [[0., 0., 0.], [0., 0., 0.], [0., 0., 0.]], [[0., 0., 0.], [0., 0., 0.], [0., 0., 0.]])
 ('13C', [-4.96496939e+01,  1.46103061e+01,  1.44279832e+01], [[0., 0., 0.], [0., 0., 0.], [0., 0., 0.]], [[0., 0., 0.], [0., 0., 0.], [0., 0., 0.]])
 ...
 ('13C', [ 1.35361949e+00,  3.88386195e+01, -1.23668428e+01], [[0., 0., 0.], [0., 0., 0.], [0., 0., 0.]], [[0., 0., 0.], [0., 0., 0.], [0., 0., 0.]])
 ('14N', [-6.66133815e-16, -2.22044605e-16,  3.09171069e+00], [[0., 0., 0.], [0., 0., 0.], [0., 0., 0.]], [[0., 0., 0.], [0., 0., 0.], [0., 0., 0.]])
 ('e', [-6.66133815e-16, -2.22044605e-16,  3.09171069e+00], [[0., 0., 0.], [0., 0., 0.], [0., 0., 0.]], [[0., 0., 0.], [0., 0., 0.], [0., 0., 0.]])]


Finished run 9. More information below.

BUILT SUPERCELL:
# of atoms: 2148
# of 13C: 2148
# of P1s: 0
atoms: [('13C', [ 4.42676111e+01,  1.03526111e+01, -4.12228092e+00], [[0., 0., 0.], [0., 0., 0.], [0., 0., 0.]], [[0., 0., 0.], [0., 0., 0.], [0., 0., 0.]])
 ('13C', [ 5.13336195e+01, -1.11413805e+01,  6.66133815e-15], [[0., 0., 0.], [0., 0., 0.], [0., 0., 0.]], [[0., 0., 0.], [0., 0., 0.], [0., 0., 0.]])
 ('13C', [-3.58948920e+01, -2.69698920e+01, -3.96769539e+01], [[0., 0., 0.], [0., 0., 0.], [0., 0., 0.]], [[0., 0., 0.], [0., 0., 0.], [0., 0., 0.]])
 ...
 ('13C', [ 1.73644539e+01,  6.19894539e+01,  9.79041719e+00], [[0., 0., 0.], [0., 0., 0.], [0., 0., 0.]], [[0., 0., 0.], [0., 0., 0.], [0., 0., 0.]])
 ('14N', [-6.66133815e-16, -2.22044605e-16,  3.09171069e+00], [[0., 0., 0.], [0., 0., 0.], [0., 0., 0.]], [[0., 0., 0.], [0., 0., 0.], [0., 0., 0.]])
 ('e', [-6.66133815e-16, -2.22044605e-16,  3.09171069e+00], [[0., 0., 0.], [0., 0., 0.], [0., 0., 0.]], [[0., 0., 0.], [0., 0., 0.], [0., 0., 0.]])]


Finished run 10. More information below.

Results:

Runtime:11.768667221069336 s

T2, p: 0.9818884558173823, 2.5619636037344002
